0.00000000000000000e+00 1.24999996069597968e-01
1.00000000000000006e-01 1.24986868333601689e-01
2.00000000000000011e-01 1.24973242452956962e-01
3.00000000000000044e-01 1.24957953689397244e-01
4.00000000000000022e-01 1.24940123901273570e-01
5.00000000000000000e-01 1.24918644091726580e-01
5.99999999999999978e-01 1.24891935089369091e-01
6.99999999999999956e-01 1.24859255323389803e-01
7.99999999999999933e-01 1.24817796327312894e-01
8.99999999999999911e-01 1.24765496318311783e-01
9.99999999999999889e-01 1.24699223721521660e-01
1.09999999999999987e+00 1.24615064393027344e-01
1.19999999999999996e+00 1.24508878639040546e-01
1.30000000000000004e+00 1.24374672071867920e-01
1.40000000000000013e+00 1.24206110339866005e-01
1.50000000000000022e+00 1.23997999953500096e-01
1.60000000000000031e+00 1.23743909101044242e-01
1.70000000000000040e+00 1.23435343497789993e-01
1.80000000000000049e+00 1.23067638080871275e-01
1.90000000000000058e+00 1.22636538951584120e-01
2.00000000000000089e+00 1.22134986646459984e-01
2.10000000000000098e+00 1.21554775220452341e-01
2.20000000000000107e+00 1.20888813530662012e-01
2.30000000000000115e+00 1.20135736526025591e-01
2.40000000000000124e+00 1.19294819837317045e-01
2.50000000000000133e+00 1.18345600695535041e-01
2.60000000000000142e+00 1.17294428700819908e-01
2.70000000000000151e+00 1.16127814252412323e-01
2.80000000000000160e+00 1.14837980508819562e-01
2.90000000000000169e+00 1.13435328550700140e-01
3.00000000000000178e+00 1.11881058950827866e-01
3.10000000000000187e+00 1.10233237939358006e-01
3.20000000000000195e+00 1.08446915143519909e-01
3.30000000000000204e+00 1.06553259371056919e-01
3.40000000000000213e+00 1.04591746016759635e-01
3.50000000000000222e+00 1.02536916668315631e-01
3.60000000000000231e+00 1.00482941741812187e-01
3.70000000000000240e+00 9.83574406271265911e-02
3.80000000000000249e+00 9.62246837198175164e-02
3.90000000000000258e+00 9.40940683483269952e-02
4.00000000000000266e+00 9.18707131028060203e-02
4.10000000000000320e+00 8.96471203502440112e-02
4.20000000000000284e+00 8.74131401010147940e-02
4.30000000000000249e+00 8.51925842927280241e-02
4.40000000000000213e+00 8.29624873789130968e-02
4.50000000000000178e+00 8.07083145492970971e-02
4.60000000000000142e+00 7.84446109405132347e-02
4.70000000000000107e+00 7.62221224817768161e-02
4.80000000000000071e+00 7.40251233095395311e-02
4.90000000000000036e+00 7.18474120980302916e-02
5.00000000000000000e+00 6.97151083158779328e-02
5.09999999999999964e+00 6.76538109483138389e-02
5.19999999999999929e+00 6.56986870961146496e-02
5.29999999999999893e+00 6.37943628989303679e-02
5.39999999999999858e+00 6.19340527130212565e-02
5.49999999999999822e+00 6.01682909955588083e-02
5.59999999999999787e+00 5.84270368867930920e-02
5.69999999999999751e+00 5.67811648291653495e-02
5.79999999999999716e+00 5.51708154915332982e-02
5.89999999999999680e+00 5.36198739797975679e-02
5.99999999999999645e+00 5.21334631954734132e-02
6.09999999999999609e+00 5.06842361907132236e-02
6.19999999999999574e+00 4.92926172224076586e-02
6.29999999999999538e+00 4.79673295111321396e-02
6.39999999999999503e+00 4.66603916788823625e-02
6.49999999999999467e+00 4.53969112257613522e-02
6.59999999999999432e+00 4.41806519829013727e-02
6.69999999999999396e+00 4.29865851276227257e-02
6.79999999999999361e+00 4.18602693367112616e-02
6.89999999999999325e+00 4.07314672442012915e-02
6.99999999999999289e+00 3.96563347823671586e-02
7.09999999999999254e+00 3.86344998546917784e-02
7.19999999999999218e+00 3.76695051672125761e-02
7.29999999999999183e+00 3.67815818262445457e-02
7.39999999999999147e+00 3.58942125526856559e-02
7.49999999999999112e+00 3.50647001634181651e-02
7.59999999999999076e+00 3.42595503535993995e-02
7.69999999999999041e+00 3.34872741960444489e-02
7.79999999999999005e+00 3.27486778643844914e-02
7.89999999999998970e+00 3.20233961185139582e-02
7.99999999999998934e+00 3.13497499849684572e-02
8.09999999999998899e+00 3.07038516632179188e-02
8.19999999999998863e+00 3.00985136249856330e-02
8.29999999999998828e+00 2.95105860493699301e-02
8.39999999999998792e+00 2.89375342566055467e-02
8.49999999999998757e+00 2.83901706710412982e-02
8.59999999999998721e+00 2.78570423061139903e-02
8.69999999999998685e+00 2.73326113438837615e-02
8.79999999999998650e+00 2.68232064453500611e-02
8.89999999999998614e+00 2.63221117054939779e-02
8.99999999999998579e+00 2.58401084975214343e-02
9.09999999999998543e+00 2.53790996140635799e-02
9.19999999999998508e+00 2.49148906112425829e-02
9.29999999999998472e+00 2.44698442955513518e-02
9.39999999999998437e+00 2.40269188417270539e-02
9.49999999999998401e+00 2.36041345267367954e-02
9.59999999999998366e+00 2.32058605067073480e-02
9.69999999999998330e+00 2.28085372524622111e-02
9.79999999999998295e+00 2.24249373331474496e-02
9.89999999999998259e+00 2.20438227752077880e-02
9.99999999999998224e+00 2.16776946500064974e-02
1.00999999999999819e+01 2.13220925753751130e-02
1.01999999999999815e+01 2.09716714913198120e-02
1.02999999999999812e+01 2.06238823244119206e-02
1.03999999999999808e+01 2.02866165990683023e-02
1.04999999999999805e+01 1.99624592558476192e-02
1.05999999999999801e+01 1.96409506233411330e-02
1.06999999999999797e+01 1.93339058522130208e-02
1.07999999999999794e+01 1.90295655899500420e-02
1.08999999999999790e+01 1.87393137597867722e-02
1.09999999999999787e+01 1.84562033457205850e-02
1.10999999999999783e+01 1.81795507573774620e-02
1.11999999999999780e+01 1.79124248551186319e-02
1.12999999999999776e+01 1.76466645183262875e-02
1.13999999999999773e+01 1.73915296732370106e-02
1.14999999999999769e+01 1.71371232333401464e-02
1.15999999999999766e+01 1.68914597375305620e-02
1.16999999999999762e+01 1.66500197224806988e-02
1.17999999999999758e+01 1.64145551630466291e-02
1.18999999999999755e+01 1.61896722346431786e-02
1.19999999999999751e+01 1.59679775738671564e-02
1.20999999999999748e+01 1.57567416810971035e-02
1.21999999999999744e+01 1.55453762532855727e-02
1.22999999999999741e+01 1.53442071916688235e-02
1.23999999999999737e+01 1.51419655796373436e-02
1.24999999999999734e+01 1.49460982361663795e-02
1.25999999999999730e+01 1.47563273695514620e-02
1.26999999999999726e+01 1.45707881576126515e-02
1.27999999999999723e+01 1.43873521640365040e-02
1.28999999999999719e+01 1.42119732004034310e-02
1.29999999999999716e+01 1.40408788918966292e-02
1.30999999999999712e+01 1.38746632792935039e-02
1.31999999999999709e+01 1.37136111460699657e-02
1.32999999999999705e+01 1.35565074813600913e-02
1.33999999999999702e+01 1.34028518026938562e-02
1.34999999999999698e+01 1.32547308231773953e-02
1.35999999999999694e+01 1.31078286163432180e-02
1.36999999999999691e+01 1.29678811546608264e-02
1.37999999999999687e+01 1.28299116466693754e-02
1.38999999999999684e+01 1.26960480468143854e-02
1.39999999999999680e+01 1.25660210099354814e-02
1.40999999999999677e+01 1.24385627869318047e-02
1.41999999999999673e+01 1.23155708776893635e-02
1.42999999999999670e+01 1.21926820334517828e-02
1.43999999999999666e+01 1.20734789207163420e-02
1.44999999999999662e+01 1.19575283160606935e-02
1.45999999999999659e+01 1.18419639715363189e-02
1.46999999999999655e+01 1.17289721097182335e-02
1.47999999999999652e+01 1.16196595612570886e-02
1.48999999999999648e+01 1.15126028645233421e-02
1.49999999999999645e+01 1.14070571124527381e-02
1.50000000000000000e+01 1.14070571124527415e-02
