0.00000000000000000e+00 1.24999996069597968e-01
1.00000000000000006e-01 1.25000033759092605e-01
2.00000000000000011e-01 1.25000482030061255e-01
3.00000000000000044e-01 1.25000981778225329e-01
4.00000000000000022e-01 1.25001817916309682e-01
5.00000000000000000e-01 1.25002900731965710e-01
5.99999999999999978e-01 1.25003858602466933e-01
6.99999999999999956e-01 1.25005413203751747e-01
7.99999999999999933e-01 1.25006724242589601e-01
8.99999999999999911e-01 1.25008222007095798e-01
9.99999999999999889e-01 1.25010048462142365e-01
1.09999999999999987e+00 1.25011632569170861e-01
1.19999999999999996e+00 1.25013504894750160e-01
1.30000000000000004e+00 1.25015435495592214e-01
1.40000000000000013e+00 1.25017534568064970e-01
1.50000000000000022e+00 1.25019817598052085e-01
1.60000000000000031e+00 1.25022525886064856e-01
1.70000000000000040e+00 1.25025682279548522e-01
1.80000000000000049e+00 1.25029367997498364e-01
1.90000000000000058e+00 1.25034542956288103e-01
2.00000000000000089e+00 1.25040975912259156e-01
2.10000000000000098e+00 1.25048321875586455e-01
2.20000000000000107e+00 1.25058989775846868e-01
2.30000000000000115e+00 1.25068314199272529e-01
2.40000000000000124e+00 1.25079369341335872e-01
2.50000000000000133e+00 1.25057090914729524e-01
2.60000000000000142e+00 1.25040616952231814e-01
2.70000000000000151e+00 1.25036370280024484e-01
2.80000000000000160e+00 1.25018446229274632e-01
2.90000000000000169e+00 1.24955587570167587e-01
3.00000000000000178e+00 1.24907244761758546e-01
3.10000000000000187e+00 1.24820935971987013e-01
3.20000000000000195e+00 1.24580008728860422e-01
3.30000000000000204e+00 1.24177386063037354e-01
3.40000000000000213e+00 1.23673499179491539e-01
3.50000000000000222e+00 1.23057013672189283e-01
3.60000000000000231e+00 1.22358606576449591e-01
3.70000000000000240e+00 1.21575162209173956e-01
3.80000000000000249e+00 1.20579525154042189e-01
3.90000000000000258e+00 1.19350084797297556e-01
4.00000000000000266e+00 1.18004417945241288e-01
4.10000000000000320e+00 1.16583603703779723e-01
4.20000000000000284e+00 1.15081765464282781e-01
4.30000000000000249e+00 1.13543018031075388e-01
4.40000000000000213e+00 1.11973548503574508e-01
4.50000000000000178e+00 1.10398828436979499e-01
4.60000000000000142e+00 1.08829898780640227e-01
4.70000000000000107e+00 1.07267839338072254e-01
4.80000000000000071e+00 1.05714645829428536e-01
4.90000000000000036e+00 1.04146608137574356e-01
5.00000000000000000e+00 1.02507067819193540e-01
5.09999999999999964e+00 1.00827945336950220e-01
5.19999999999999929e+00 9.91731070443399726e-02
5.29999999999999893e+00 9.75127723934502838e-02
5.39999999999999858e+00 9.58219853842576658e-02
5.49999999999999822e+00 9.40918192996664238e-02
5.59999999999999787e+00 9.23368448305671996e-02
5.69999999999999751e+00 9.05887454194333613e-02
5.79999999999999716e+00 8.88249277991049746e-02
5.89999999999999680e+00 8.70521207727277119e-02
5.99999999999999645e+00 8.52890218212827844e-02
6.09999999999999609e+00 8.35306393532121300e-02
6.19999999999999574e+00 8.17892650972357610e-02
6.29999999999999538e+00 8.00708675446302615e-02
6.39999999999999503e+00 7.83510723654655544e-02
6.49999999999999467e+00 7.66440346876876011e-02
6.59999999999999432e+00 7.49693300942590735e-02
6.69999999999999396e+00 7.33308963157434796e-02
6.79999999999999361e+00 7.17217195102124311e-02
6.89999999999999325e+00 7.01281904284794810e-02
6.99999999999999289e+00 6.85745053969587237e-02
7.09999999999999254e+00 6.70512889578566418e-02
7.19999999999999218e+00 6.55646840797027841e-02
7.29999999999999183e+00 6.41203533414547999e-02
7.39999999999999147e+00 6.27173151050913619e-02
7.49999999999999112e+00 6.13334813700566056e-02
7.59999999999999076e+00 5.99816296556281853e-02
7.69999999999999041e+00 5.86662425174171581e-02
7.79999999999999005e+00 5.73969141866272139e-02
7.89999999999998970e+00 5.61725466239445942e-02
7.99999999999998934e+00 5.49957573406844105e-02
8.09999999999998899e+00 5.38511175932548866e-02
8.19999999999998863e+00 5.27500493324870659e-02
8.29999999999998828e+00 5.16934799841376885e-02
8.39999999999998792e+00 5.06763018677894236e-02
8.49999999999998757e+00 4.96941496130379190e-02
8.59999999999998721e+00 4.87553235875679350e-02
8.69999999999998685e+00 4.78507191654782005e-02
8.79999999999998650e+00 4.69811833152508351e-02
8.89999999999998614e+00 4.61466912544962748e-02
8.99999999999998579e+00 4.53447507764636881e-02
9.09999999999998543e+00 4.45798081495637696e-02
9.19999999999998508e+00 4.38482575955687834e-02
9.29999999999998472e+00 4.31314736488557157e-02
9.39999999999998437e+00 4.24345434994111703e-02
9.49999999999998401e+00 4.17619160948603518e-02
9.59999999999998366e+00 4.11097251291393101e-02
9.69999999999998330e+00 4.04728462358202243e-02
9.79999999999998295e+00 3.98538179456452979e-02
9.89999999999998259e+00 3.92506338348860215e-02
9.99999999999998224e+00 3.86618401154370170e-02
1.00999999999999819e+01 3.80877785523093190e-02
1.01999999999999815e+01 3.75312965184011402e-02
1.02999999999999812e+01 3.69857658080920068e-02
1.03999999999999808e+01 3.64518936406945521e-02
1.04999999999999805e+01 3.59296728825765424e-02
1.05999999999999801e+01 3.54155829711417583e-02
1.06999999999999797e+01 3.49074267856462755e-02
1.07999999999999794e+01 3.44094467603990664e-02
1.08999999999999790e+01 3.39142024373319875e-02
1.09999999999999787e+01 3.34261449009698453e-02
1.10999999999999783e+01 3.29495465628524414e-02
1.11999999999999780e+01 3.24829843690419631e-02
1.12999999999999776e+01 3.20255563973164542e-02
1.13999999999999773e+01 3.15778681065329858e-02
1.14999999999999769e+01 3.11408174956300902e-02
1.15999999999999766e+01 3.07120204808163724e-02
1.16999999999999762e+01 3.02882868840506844e-02
1.17999999999999758e+01 2.98725682818351511e-02
1.18999999999999755e+01 2.94657095626801695e-02
1.19999999999999751e+01 2.90655339065853009e-02
1.20999999999999748e+01 2.86708013627815089e-02
1.21999999999999744e+01 2.82828537285587239e-02
1.22999999999999741e+01 2.79024048299391231e-02
1.23999999999999737e+01 2.75288535030613311e-02
1.24999999999999734e+01 2.71615255215713509e-02
1.25999999999999730e+01 2.68011755944914179e-02
1.26999999999999726e+01 2.64480311267961538e-02
1.27999999999999723e+01 2.61035428372687270e-02
1.28999999999999719e+01 2.57661742000376663e-02
1.29999999999999716e+01 2.54358000129543405e-02
1.30999999999999712e+01 2.51125897386596623e-02
1.31999999999999709e+01 2.47935214206174773e-02
1.32999999999999705e+01 2.44827998316529370e-02
1.33999999999999702e+01 2.41796083760870660e-02
1.34999999999999698e+01 2.38838172915916587e-02
1.35999999999999694e+01 2.35946098136201807e-02
1.36999999999999691e+01 2.33090593713837571e-02
1.37999999999999687e+01 2.30261344553408520e-02
1.38999999999999684e+01 2.27495327168041224e-02
1.39999999999999680e+01 2.24766054099778505e-02
1.40999999999999677e+01 2.22056647048661689e-02
1.41999999999999673e+01 2.19394153379489781e-02
1.42999999999999670e+01 2.16791577232717698e-02
1.43999999999999666e+01 2.14244697652161385e-02
1.44999999999999662e+01 2.11745509407602409e-02
1.45999999999999659e+01 2.09294522355421911e-02
1.46999999999999655e+01 2.06886480112928768e-02
1.47999999999999652e+01 2.04505661267928920e-02
1.48999999999999648e+01 2.02138750491495829e-02
1.49999999999999645e+01 1.99816076649242010e-02
1.50000000000000000e+01 1.99816076649242010e-02
