0.00000000000000000e+00 1.24999996069597968e-01
1.00000000000000006e-01 1.25000033665857796e-01
2.00000000000000011e-01 1.25000481142970771e-01
3.00000000000000044e-01 1.25000981934100391e-01
4.00000000000000078e-01 1.25001817843434254e-01
5.00000000000000111e-01 1.25002901555250928e-01
6.00000000000000089e-01 1.25003857710806521e-01
7.00000000000000067e-01 1.25005410791689781e-01
8.00000000000000044e-01 1.25006734913217926e-01
9.00000000000000022e-01 1.25008232191552077e-01
1.00000000000000000e+00 1.25010059176731469e-01
1.10000000000000009e+00 1.25011642116186178e-01
1.20000000000000018e+00 1.25013498871059142e-01
1.30000000000000027e+00 1.25015428029281422e-01
1.40000000000000036e+00 1.25017503326318474e-01
1.50000000000000044e+00 1.25019690320001015e-01
1.60000000000000053e+00 1.25022265802512522e-01
1.70000000000000062e+00 1.25025093593931685e-01
1.80000000000000071e+00 1.25028054323104376e-01
1.90000000000000080e+00 1.25031862804265370e-01
2.00000000000000089e+00 1.25035584815947620e-01
2.10000000000000098e+00 1.25037832371841878e-01
2.20000000000000107e+00 1.25037884195823651e-01
2.30000000000000115e+00 1.25033768951996083e-01
2.40000000000000124e+00 1.25030195121890647e-01
2.50000000000000133e+00 1.25019364490987744e-01
2.60000000000000142e+00 1.24991355931509229e-01
2.70000000000000151e+00 1.24954670063434470e-01
2.80000000000000160e+00 1.24888646482043786e-01
2.90000000000000169e+00 1.24808445433034987e-01
3.00000000000000178e+00 1.24699536716724430e-01
3.10000000000000187e+00 1.24559314385571718e-01
3.20000000000000195e+00 1.24385191526921068e-01
3.30000000000000204e+00 1.24155076537020181e-01
3.40000000000000213e+00 1.23880066432435210e-01
3.50000000000000222e+00 1.23572380080984201e-01
3.60000000000000231e+00 1.23231528953576155e-01
3.70000000000000240e+00 1.22742938158350398e-01
3.80000000000000249e+00 1.22095907814139842e-01
3.90000000000000258e+00 1.21229508709241915e-01
4.00000000000000266e+00 1.20215916022705038e-01
4.10000000000000320e+00 1.19172186722885098e-01
4.20000000000000284e+00 1.18127756934539793e-01
4.30000000000000249e+00 1.17014665226587045e-01
4.40000000000000213e+00 1.15799339067198262e-01
4.50000000000000178e+00 1.14506381957735118e-01
4.60000000000000142e+00 1.13022080603927016e-01
4.70000000000000107e+00 1.11333426236175495e-01
4.80000000000000071e+00 1.09507139575194992e-01
4.90000000000000036e+00 1.07615795029254904e-01
5.00000000000000000e+00 1.05639170596146165e-01
5.09999999999999964e+00 1.03612663775212804e-01
5.19999999999999929e+00 1.01483442269674914e-01
5.29999999999999893e+00 9.92776990515594343e-02
5.39999999999999858e+00 9.70469180440958201e-02
5.49999999999999822e+00 9.47955473073925081e-02
5.59999999999999787e+00 9.25295027920504526e-02
5.69999999999999751e+00 9.02784427171551135e-02
5.79999999999999716e+00 8.80688375992623729e-02
5.89999999999999680e+00 8.58939786081091977e-02
5.99999999999999645e+00 8.37467159742801281e-02
6.09999999999999609e+00 8.16241968485977021e-02
6.19999999999999574e+00 7.95320805193319158e-02
6.29999999999999538e+00 7.74926864568382390e-02
6.39999999999999503e+00 7.54903939240990501e-02
6.49999999999999467e+00 7.35294082495012158e-02
6.59999999999999432e+00 7.16176848985504849e-02
6.69999999999999396e+00 6.97535023075210453e-02
6.79999999999999361e+00 6.79407751342891719e-02
6.89999999999999325e+00 6.61856240034848359e-02
6.99999999999999289e+00 6.44821338421264351e-02
7.09999999999999254e+00 6.28304884434431610e-02
7.19999999999999218e+00 6.12229226119666847e-02
7.29999999999999183e+00 5.96539555572788913e-02
7.39999999999999147e+00 5.81284701211135374e-02
7.49999999999999112e+00 5.66464613479760321e-02
7.59999999999999076e+00 5.52122465274669377e-02
7.69999999999999041e+00 5.38335969124472610e-02
7.79999999999999005e+00 5.24951344016136717e-02
7.89999999999998970e+00 5.11970358577124376e-02
7.99999999999998934e+00 4.99362386683474269e-02
8.09999999999998899e+00 4.87183547788066981e-02
8.19999999999998863e+00 4.75417425616457626e-02
8.29999999999998828e+00 4.64020404376102730e-02
8.39999999999998792e+00 4.53043637887906164e-02
8.49999999999998757e+00 4.42473111231425908e-02
8.59999999999998721e+00 4.32180198886433289e-02
8.69999999999998685e+00 4.22142141767160584e-02
8.79999999999998650e+00 4.12409927598306747e-02
8.89999999999998614e+00 4.03005292857268674e-02
8.99999999999998579e+00 3.93878444684664722e-02
9.09999999999998543e+00 3.85062511302741647e-02
9.19999999999998508e+00 3.76503781760099410e-02
9.29999999999998472e+00 3.68197859169824629e-02
9.39999999999998437e+00 3.60123757935822200e-02
9.49999999999998401e+00 3.52281825929819520e-02
9.59999999999998366e+00 3.44672269827493646e-02
9.69999999999998330e+00 3.37287627881149923e-02
9.79999999999998295e+00 3.30098084521657231e-02
9.89999999999998259e+00 3.23115769248431273e-02
9.99999999999998224e+00 3.16343395309021183e-02
1.00999999999999819e+01 3.09755095841134399e-02
1.01999999999999815e+01 3.03310193133058438e-02
1.02999999999999812e+01 2.97013368801003451e-02
1.03999999999999808e+01 2.90920805517775223e-02
1.04999999999999805e+01 2.85021857188378774e-02
1.05999999999999801e+01 2.79288830347104930e-02
1.06999999999999797e+01 2.73708887145492664e-02
1.07999999999999794e+01 2.68259304524897484e-02
1.08999999999999790e+01 2.62933965540122494e-02
1.09999999999999787e+01 2.57753927363866195e-02
1.10999999999999783e+01 2.52710672140783847e-02
1.11999999999999780e+01 2.47797150489672789e-02
1.12999999999999776e+01 2.43026608430356277e-02
1.13999999999999773e+01 2.38383538811165197e-02
1.14999999999999769e+01 2.33856039487543611e-02
1.15999999999999766e+01 2.29451118672229226e-02
1.16999999999999762e+01 2.25153628219752940e-02
1.17999999999999758e+01 2.20953055772050259e-02
1.18999999999999755e+01 2.16835220318832324e-02
1.19999999999999751e+01 2.12825611121280414e-02
1.20999999999999748e+01 2.08920880280798645e-02
1.21999999999999744e+01 2.05102333340934050e-02
1.22999999999999741e+01 2.01395924617036315e-02
1.23999999999999737e+01 1.97778684790027859e-02
1.24999999999999734e+01 1.94237757590160175e-02
1.25999999999999730e+01 1.90781901707916292e-02
1.26999999999999726e+01 1.87422255762504306e-02
1.27999999999999723e+01 1.84126279831493996e-02
1.28999999999999719e+01 1.80894676173561121e-02
1.29999999999999716e+01 1.77748935238962527e-02
1.30999999999999712e+01 1.74690401852248441e-02
1.31999999999999709e+01 1.71710109502478843e-02
1.32999999999999705e+01 1.68796245605114456e-02
1.33999999999999702e+01 1.65947834071251098e-02
1.34999999999999698e+01 1.63159875836589655e-02
1.35999999999999694e+01 1.60436757975835793e-02
1.36999999999999691e+01 1.57760599782142130e-02
1.37999999999999687e+01 1.55141844111546766e-02
1.38999999999999684e+01 1.52589043030243073e-02
1.39999999999999680e+01 1.50092582859811686e-02
1.40999999999999677e+01 1.47651979807225230e-02
1.41999999999999673e+01 1.45261401544672254e-02
1.42999999999999670e+01 1.42925790104342920e-02
1.43999999999999666e+01 1.40644034794022710e-02
1.44999999999999662e+01 1.38420791796659611e-02
1.45999999999999659e+01 1.36247566733135837e-02
1.46999999999999655e+01 1.34118956379017645e-02
1.47999999999999652e+01 1.32044082060252012e-02
1.48999999999999648e+01 1.30013844877946341e-02
1.49999999999999645e+01 1.28027744010653730e-02
1.50000000000000000e+01 1.28027744010653730e-02
