0.00000000000000000e+00 1.24999996069597968e-01
1.00000000000000006e-01 1.24998201871882250e-01
2.00000000000000011e-01 1.24996660846967617e-01
3.00000000000000044e-01 1.24994916945765713e-01
4.00000000000000078e-01 1.24992999483720446e-01
5.00000000000000111e-01 1.24990664071291405e-01
6.00000000000000089e-01 1.24987365169673348e-01
7.00000000000000067e-01 1.24983513719743991e-01
8.00000000000000044e-01 1.24977808286792502e-01
9.00000000000000022e-01 1.24970012526044991e-01
1.00000000000000000e+00 1.24958931129159956e-01
1.10000000000000009e+00 1.24943428326970099e-01
1.20000000000000018e+00 1.24922576997861939e-01
1.30000000000000027e+00 1.24893518507729909e-01
1.40000000000000036e+00 1.24853520813292845e-01
1.50000000000000044e+00 1.24798274195231748e-01
1.60000000000000053e+00 1.24728935317116721e-01
1.70000000000000062e+00 1.24640143951885399e-01
1.80000000000000071e+00 1.24527316436265315e-01
1.90000000000000080e+00 1.24384550390864046e-01
2.00000000000000089e+00 1.24207202580566278e-01
2.10000000000000098e+00 1.23989918633925569e-01
2.20000000000000107e+00 1.23733359036769630e-01
2.30000000000000115e+00 1.23436751934546243e-01
2.40000000000000124e+00 1.23091978113423886e-01
2.50000000000000133e+00 1.22697336500047882e-01
2.60000000000000142e+00 1.22247525225110121e-01
2.70000000000000151e+00 1.21738356329097880e-01
2.80000000000000160e+00 1.21168443642585652e-01
2.90000000000000169e+00 1.20502812317731217e-01
3.00000000000000178e+00 1.19705793456537257e-01
3.10000000000000187e+00 1.18750219955398195e-01
3.20000000000000195e+00 1.17639517968798374e-01
3.30000000000000204e+00 1.16412320278256917e-01
3.40000000000000213e+00 1.15095918473238065e-01
3.50000000000000222e+00 1.13710537412106516e-01
3.60000000000000231e+00 1.12283840789398751e-01
3.70000000000000240e+00 1.10747351603485256e-01
3.80000000000000249e+00 1.09147737692753224e-01
3.90000000000000258e+00 1.07471199877381213e-01
4.00000000000000266e+00 1.05734489835704284e-01
4.10000000000000320e+00 1.03941472342916660e-01
4.20000000000000284e+00 1.02117605554875437e-01
4.30000000000000249e+00 1.00262669273916763e-01
4.40000000000000213e+00 9.83223032285227561e-02
4.50000000000000178e+00 9.62736119397403084e-02
4.60000000000000142e+00 9.41729583629917072e-02
4.70000000000000107e+00 9.20285875381111618e-02
4.80000000000000071e+00 8.98944191078337868e-02
4.90000000000000036e+00 8.75931739510178858e-02
5.00000000000000000e+00 8.52921447044398401e-02
5.09999999999999964e+00 8.28568396287083647e-02
5.19999999999999929e+00 8.06085590440626110e-02
5.29999999999999893e+00 7.82789921639534259e-02
5.39999999999999858e+00 7.60345651081673762e-02
5.49999999999999822e+00 7.38618902250515186e-02
5.59999999999999787e+00 7.16616658049916977e-02
5.69999999999999751e+00 6.96876668904462260e-02
5.79999999999999716e+00 6.75981412259085007e-02
5.89999999999999680e+00 6.56851511505843061e-02
5.99999999999999645e+00 6.37883410365503861e-02
6.09999999999999609e+00 6.19547695037813845e-02
6.19999999999999574e+00 6.01955370012593888e-02
6.29999999999999538e+00 5.83823723391626651e-02
6.39999999999999503e+00 5.67307104904840598e-02
6.49999999999999467e+00 5.49659403394511040e-02
6.59999999999999432e+00 5.34068315102496013e-02
6.69999999999999396e+00 5.17683905488250246e-02
6.79999999999999361e+00 5.02047849141626298e-02
6.89999999999999325e+00 4.86943689647714728e-02
6.99999999999999289e+00 4.71799451877487896e-02
7.09999999999999254e+00 4.58754910402454433e-02
7.19999999999999218e+00 4.44652843525406849e-02
7.29999999999999183e+00 4.32766035747284422e-02
7.39999999999999147e+00 4.20173990769841313e-02
7.49999999999999112e+00 4.09517769268795406e-02
7.59999999999999076e+00 3.98779174402537698e-02
7.69999999999999041e+00 3.89267463866175903e-02
7.79999999999999005e+00 3.80269618870517842e-02
7.89999999999998970e+00 3.72095964933935944e-02
7.99999999999998934e+00 3.64493611270529511e-02
8.09999999999998899e+00 3.57123214224088145e-02
8.19999999999998863e+00 3.50466805596357164e-02
8.29999999999998828e+00 3.44036729532778765e-02
8.39999999999998792e+00 3.38202892681548628e-02
8.49999999999998757e+00 3.32477899913254868e-02
8.59999999999998721e+00 3.27106877574075902e-02
8.69999999999998685e+00 3.21847755930838933e-02
8.79999999999998650e+00 3.16973709968257633e-02
8.89999999999998614e+00 3.11960787157201692e-02
8.99999999999998579e+00 3.07262077156624479e-02
9.09999999999998543e+00 3.02401668931867665e-02
9.19999999999998508e+00 2.97852577218246026e-02
9.29999999999998472e+00 2.93330090993945969e-02
9.39999999999998437e+00 2.88611958804372432e-02
9.49999999999998401e+00 2.84274060118172266e-02
9.59999999999998366e+00 2.79494003513888999e-02
9.69999999999998330e+00 2.75147616664878289e-02
9.79999999999998295e+00 2.70640206609821313e-02
9.89999999999998259e+00 2.66336813440717565e-02
9.99999999999998224e+00 2.62166481463820718e-02
1.00999999999999819e+01 2.57946733484417205e-02
1.01999999999999815e+01 2.54274000492279856e-02
1.02999999999999812e+01 2.50422952889334527e-02
1.03999999999999808e+01 2.47106859092189012e-02
1.04999999999999805e+01 2.43595963814914364e-02
1.05999999999999801e+01 2.40282124447010227e-02
1.06999999999999797e+01 2.37135496289228170e-02
1.07999999999999794e+01 2.33803929220258999e-02
1.08999999999999790e+01 2.30781220188569190e-02
1.09999999999999787e+01 2.27435410068219310e-02
1.10999999999999783e+01 2.24547848633947951e-02
1.11999999999999780e+01 2.21491874691994786e-02
1.12999999999999776e+01 2.18478860624026459e-02
1.13999999999999773e+01 2.15714055998692880e-02
1.14999999999999769e+01 2.12669350754074692e-02
1.15999999999999766e+01 2.09974632054901883e-02
1.16999999999999762e+01 2.07190577124051513e-02
1.17999999999999758e+01 2.04532498152386194e-02
1.18999999999999755e+01 2.01802454417606136e-02
1.19999999999999751e+01 1.99287169367127481e-02
1.20999999999999748e+01 1.96725450455510070e-02
1.21999999999999744e+01 1.94120573104575936e-02
1.22999999999999741e+01 1.91815512950972052e-02
1.23999999999999737e+01 1.89159058225714799e-02
1.24999999999999734e+01 1.86780631597775713e-02
1.25999999999999730e+01 1.84373628365014988e-02
1.26999999999999726e+01 1.81886245330807397e-02
1.27999999999999723e+01 1.79515217991854242e-02
1.28999999999999719e+01 1.77049357212822195e-02
1.29999999999999716e+01 1.74864023708045657e-02
1.30999999999999712e+01 1.72438703629561006e-02
1.31999999999999709e+01 1.70247885879888268e-02
1.32999999999999705e+01 1.68149264204631652e-02
1.33999999999999702e+01 1.65814391584022287e-02
1.34999999999999698e+01 1.63859050338445340e-02
1.35999999999999694e+01 1.61772128355708970e-02
1.36999999999999691e+01 1.59646495953063745e-02
1.37999999999999687e+01 1.57691693939587436e-02
1.38999999999999684e+01 1.55822320152230794e-02
1.39999999999999680e+01 1.53754392835941962e-02
1.40999999999999677e+01 1.51880755700771041e-02
1.41999999999999673e+01 1.50117299361175009e-02
1.42999999999999670e+01 1.47974342587193705e-02
1.43999999999999666e+01 1.46270456116350291e-02
1.44999999999999662e+01 1.44414660862671219e-02
1.45999999999999659e+01 1.42486898708428632e-02
1.46999999999999655e+01 1.40830413017705956e-02
1.47999999999999652e+01 1.39142331787799160e-02
1.48999999999999648e+01 1.37611653521092642e-02
1.49999999999999645e+01 1.35921225850425750e-02
1.50000000000000000e+01 1.35921225850425750e-02
