0.00000000000000000e+00 1.24999996204701438e-01
1.00000000000000006e-01 1.25000033907641972e-01
2.00000000000000011e-01 1.25000482139786595e-01
3.00000000000000044e-01 1.25000981872612743e-01
4.00000000000000022e-01 1.25001818027478451e-01
5.00000000000000000e-01 1.25002900828379532e-01
5.99999999999999978e-01 1.25003858673354340e-01
6.99999999999999956e-01 1.25005413148803118e-01
7.99999999999999933e-01 1.25006724026221566e-01
8.99999999999999911e-01 1.25008222245140993e-01
9.99999999999999889e-01 1.25010050282820417e-01
1.09999999999999987e+00 1.25011633879719197e-01
1.19999999999999996e+00 1.25013493970348250e-01
1.30000000000000004e+00 1.25015450154169316e-01
1.40000000000000013e+00 1.25017618597431907e-01
1.50000000000000022e+00 1.25019968206803112e-01
1.60000000000000031e+00 1.25022853720795635e-01
1.70000000000000040e+00 1.25025588368615076e-01
1.80000000000000049e+00 1.25027707738136346e-01
1.90000000000000058e+00 1.25033134135980301e-01
2.00000000000000044e+00 1.25039325661008310e-01
2.10000000000000053e+00 1.25046157753975595e-01
2.20000000000000062e+00 1.25047830356564138e-01
2.30000000000000071e+00 1.25051533535137260e-01
2.40000000000000080e+00 1.25049314026968950e-01
2.50000000000000089e+00 1.25041672301634293e-01
2.60000000000000098e+00 1.25019875204351066e-01
2.70000000000000107e+00 1.24982633383673325e-01
2.80000000000000115e+00 1.24918572737405684e-01
2.90000000000000124e+00 1.24810379314138187e-01
3.00000000000000133e+00 1.24634726804126544e-01
3.10000000000000142e+00 1.24368690623178346e-01
3.20000000000000151e+00 1.23999159184319918e-01
3.30000000000000160e+00 1.23505267311517702e-01
3.40000000000000169e+00 1.22897360737613592e-01
3.50000000000000178e+00 1.22198408757291530e-01
3.60000000000000187e+00 1.21398318885551096e-01
3.70000000000000195e+00 1.20485789533394547e-01
3.80000000000000204e+00 1.19445546299844566e-01
3.90000000000000213e+00 1.18207003418721576e-01
4.00000000000000178e+00 1.16855698583243392e-01
4.10000000000000142e+00 1.15420536526879280e-01
4.20000000000000107e+00 1.13892196656815312e-01
4.30000000000000071e+00 1.12320861522314464e-01
4.40000000000000036e+00 1.10712269008552050e-01
4.50000000000000000e+00 1.09058763236973597e-01
4.59999999999999964e+00 1.07334705846347314e-01
4.69999999999999929e+00 1.05572015279800327e-01
4.79999999999999893e+00 1.03787398847963619e-01
4.89999999999999858e+00 1.01963670369948647e-01
4.99999999999999822e+00 1.00118811992995105e-01
5.09999999999999787e+00 9.82585116756732740e-02
5.19999999999999751e+00 9.63770656142772381e-02
5.29999999999999716e+00 9.44614539786312046e-02
5.39999999999999680e+00 9.25375555238791558e-02
5.49999999999999645e+00 9.05781208397198750e-02
5.59999999999999609e+00 8.85740575284691134e-02
5.69999999999999574e+00 8.65346707812565397e-02
5.79999999999999538e+00 8.45082085246143533e-02
5.89999999999999503e+00 8.24988186156990072e-02
5.99999999999999467e+00 8.04834068322909102e-02
6.09999999999999432e+00 7.84719544250869622e-02
6.19999999999999396e+00 7.64748182693176376e-02
6.29999999999999361e+00 7.44914703655987498e-02
6.39999999999999325e+00 7.25211318572221986e-02
6.49999999999999289e+00 7.05929070008709386e-02
6.59999999999999254e+00 6.86782538739237891e-02
6.69999999999999218e+00 6.67957601121698802e-02
6.79999999999999183e+00 6.49456160865945764e-02
6.89999999999999147e+00 6.31307502313294411e-02
6.99999999999999112e+00 6.13542768062296726e-02
7.09999999999999076e+00 5.96342619384529274e-02
7.19999999999999041e+00 5.79434400539134628e-02
7.29999999999999005e+00 5.62937791370822019e-02
7.39999999999998970e+00 5.46992097078016354e-02
7.49999999999998934e+00 5.31429212627918118e-02
7.59999999999998899e+00 5.16298307115259994e-02
7.69999999999998863e+00 5.01866134532812577e-02
7.79999999999998828e+00 4.87988537410010900e-02
7.89999999999998792e+00 4.74603295857090116e-02
7.99999999999998757e+00 4.61512524236528665e-02
8.09999999999998721e+00 4.48759878147453189e-02
8.19999999999998685e+00 4.36252664373673396e-02
8.29999999999998650e+00 4.24247994437331327e-02
8.39999999999998614e+00 4.12790453063840643e-02
8.49999999999998579e+00 4.01734661379111527e-02
8.59999999999998543e+00 3.91065201709566990e-02
8.69999999999998508e+00 3.80851112125276392e-02
8.79999999999998472e+00 3.70907651298065522e-02
8.89999999999998437e+00 3.61389779609974926e-02
8.99999999999998401e+00 3.52161678531927730e-02
9.09999999999998366e+00 3.43376571943253411e-02
9.19999999999998330e+00 3.34757402705053581e-02
9.29999999999998295e+00 3.26398772069012161e-02
9.39999999999998259e+00 3.18282016255968803e-02
9.49999999999998224e+00 3.10494740581051809e-02
9.59999999999998188e+00 3.02975847511683868e-02
9.69999999999998153e+00 2.95715365418247403e-02
9.79999999999998117e+00 2.88751351139024323e-02
9.89999999999998082e+00 2.82112032377118647e-02
9.99999999999998046e+00 2.75672288389178233e-02
1.00999999999999801e+01 2.69473901282188157e-02
1.01999999999999797e+01 2.63438182993759804e-02
1.02999999999999794e+01 2.57581416316076464e-02
1.03999999999999790e+01 2.51933972493280298e-02
1.04999999999999787e+01 2.46498008425826767e-02
1.05999999999999783e+01 2.41217394081000361e-02
1.06999999999999780e+01 2.36066337397210363e-02
1.07999999999999776e+01 2.31052059848658939e-02
1.08999999999999773e+01 2.26182100586437632e-02
1.09999999999999769e+01 2.21450704999576684e-02
1.10999999999999766e+01 2.16923832467655169e-02
1.11999999999999762e+01 2.12545267869197509e-02
1.12999999999999758e+01 2.08219464654033522e-02
1.13999999999999755e+01 2.03969300388009527e-02
1.14999999999999751e+01 1.99841836191033441e-02
1.15999999999999748e+01 1.95787728642836042e-02
1.16999999999999744e+01 1.91886414131101773e-02
1.17999999999999741e+01 1.88096958654470001e-02
1.18999999999999737e+01 1.84394976773934391e-02
1.19999999999999734e+01 1.80756568912324583e-02
1.20999999999999730e+01 1.77163058353793125e-02
1.21999999999999726e+01 1.73647984188671708e-02
1.22999999999999723e+01 1.70247301448387470e-02
1.23999999999999719e+01 1.66923801104840556e-02
1.24999999999999716e+01 1.63655002479162377e-02
1.25999999999999712e+01 1.60471273233979035e-02
1.26999999999999709e+01 1.57348475286104676e-02
1.27999999999999705e+01 1.54306215282633084e-02
1.28999999999999702e+01 1.51306330086316831e-02
1.29999999999999698e+01 1.48343581645756038e-02
1.30999999999999694e+01 1.45476924967533061e-02
1.31999999999999691e+01 1.42694846349553060e-02
1.32999999999999687e+01 1.39981008227226793e-02
1.33999999999999684e+01 1.37291194004364927e-02
1.34999999999999680e+01 1.34656983484873934e-02
1.35999999999999677e+01 1.32065324239249229e-02
1.36999999999999673e+01 1.29524693529920881e-02
1.37999999999999670e+01 1.27052972224549528e-02
1.38999999999999666e+01 1.24658498062432330e-02
1.39999999999999662e+01 1.22330002438825330e-02
1.40999999999999659e+01 1.20050263597118196e-02
1.41999999999999655e+01 1.17831807235704543e-02
1.42999999999999652e+01 1.15679826678801757e-02
1.43999999999999648e+01 1.13585149618425970e-02
1.44999999999999645e+01 1.11541611861740355e-02
1.45999999999999641e+01 1.09548283564881027e-02
1.46999999999999638e+01 1.07597297468000636e-02
1.47999999999999634e+01 1.05699195017105105e-02
1.48999999999999631e+01 1.03850014659473879e-02
1.49999999999999627e+01 1.02048235724380657e-02
1.50000000000000000e+01 1.02048235724380657e-02
